1818.1983456049443
1820.1983456049443
1822.1983456049443
1824.1983456049443
1826.1983456049443
1828.1983456049443
1830.1983456049443
1832.1983456049443
1834.1983456049443
1836.1983456049443
1838.1983456049443
1840.1983456049443
1842.1983456049343
1844.1983456049343
1846.198345604934
1848.198345604934
1850.198345604934
1852.198345604934
1854.198345604934
1856.1983456049334
1858.1983456049334
1860.1983456048079
1862.1983456048076
1864.1983456048076
1866.1983456048076
1868.1983456048076
1870.1983456048076
1872.1983456048076
1874.1983455208679
1876.1983455208679
1878.1983455208679
1880.1983455208679
1882.1983455208679
1884.196587883948
1886.196587883708
1888.196587883708
1890.1965874723267
1892.196585453681
1894.196585453681
1896.196585453681
1898.196585453679
1900.196585453663
1902.1944080805547
1904.1944080805547
1906.1944080805547
1908.1944080805445
1910.1936418367275
1912.1936418367275
1914.1936376968793
1916.1936376968793
1918.171491999394
1920.171491999394
1922.1714919993747
1924.1714919993747
1926.160300245245
1928.1603002437355
1930.1474579889825
1932.1474579528858
1934.1399950102586
1936.1399808149617
1938.137959266512
1940.137959266512
1942.137959266512
1944.1379592662993
1946.1334200749022
1948.133420073444
1950.1334200734216
1952.1334197519498
1954.1326289521296
1956.1326289521294
1958.1196246075367
1960.1165039837263
1962.106048487519
1964.0948281989029
1966.0948281989013
1968.0948281989013
1970.0948281989013
1972.0948281988765
1974.0947105166522
1976.0878399447856
1978.0850355410362
1980.0805665259259
1982.0805665259245
1984.0711775374891
1986.0608273671019
1988.0510745770853
1990.0417644502359
1992.0417644501877
1994.0339248663374
1996.033924866337
1998.024177711396
2000.0236897590432
2002.0236897588745
2004.01430237362
2006.01430237362
2008.0070611178821
2010.0070605951155
2012.0070584632656
2014.0070584630237
2015.999162972487
2017.9991629724077
2019.999162493269
2021.9909809548735
2023.98190937561
2025.981909375576
2027.9751761177968
2029.9751761177936
2031.9674287412786
2033.9674287365913
2035.967375135418
2037.9596296991483
2039.956723023134
2041.9487998599236
2043.9478772595335
2045.9401919570564
2047.93996609651
2049.9399660965014
2051.9399660964978
2053.939966096288
2055.939966093204
2057.939957565612
2059.9399575656103
2061.939817886446
2063.932033375795
2065.9281355821936
1994.9316120697704
1942.5567985247137
1905.8845805873232
1854.8381531816046
1825.946156789454
1780.8756303914113
1778.9989987816584
1733.2196511108987
1691.5430069372333
1641.5072859672373
1605.3534284636803
1599.971521876189
1556.5649275949709
1520.9536177356936
1495.3077118030792
1468.4526139700267
1443.2261732582476
1409.6617530242859
1385.5580942111467
1363.9773197294267
1341.4803123120462
1314.054383544178
1293.6060346611607
1272.8185674149013
1252.154847878818
1236.4357619625891
1215.2910173573375
1195.8476945851874
1180.3863189268352
1170.6179671722193
1153.6118645208257
1144.6286736378877
1130.2358863592547
1117.8577809173987
1104.892018909233
1092.8315614284923
1082.2686184693937
1068.7344123827481
1058.5433561501345
1047.90996487452
1038.621257620306
1028.2109338461325
1018.6310572283828
1011.1400578996355
1001.349882639431
990.7717348341723
980.6559529845368
972.0871849443605
964.1565869049429
954.9945136531464
945.7596559022735
937.6938705961396
931.7251814356733
924.7180738620463
917.8374715678879
909.2040472423909
899.7182786756946
893.139153154053
887.3733226748645
878.3281323408228
871.7532323140297
865.5605275241692
858.6814094754784
851.9626919435228
845.9929780331523
841.1272028906811
835.9600199795758
831.0575321509285
826.5590013392267
821.1846910355054
817.8061090821432
813.675470877147
807.8591603470018
802.9999093479981
798.1238640481904
794.0352113763722
789.6234769174648
784.9765058123387
780.9537241318864
777.7076272875101
774.1729607808536
770.99485921407
768.214788962986
763.441254640255
760.7564757010975
757.1855449782496
753.0919517494331
749.3574703040941
745.9403701754192
742.933205497652
739.2499333327662
736.5816131299288
733.2266910984044
729.9989827071946
727.5116270993163
724.2970512742944
719.9667594979165
717.2857522564848
714.2881839664832
711.3206200075982
708.2516346623067
705.9029359767807
703.6365929064399
701.0592694909324
697.5704292534043
695.2499285650523
692.277597431967
689.51726608262
687.8741609907202
685.5048542126954
683.7739575139525
681.5739993588124
679.2952576023528
677.934948578612
676.547341611965
674.7295038905424
673.0785867765422
671.5169746349943
668.9896120426013
668.0214582408114
666.9735328349356
665.8829341013723
664.3152724162541
663.154127555941
661.5999204633976
