7692307.692307692
3921568.62745098
2631578.947368421
1980198.0198019801
1587301.587301588
1324503.3112582783
1136363.6363636365
995024.8756218906
884955.7522123894
796812.749003984
724637.6811594203
664451.8272425248
613496.9325153374
569800.5698005697
531914.8936170212
498753.1172069824
469483.56807511736
443458.98004434584
420168.06722689077
399201.5968063872
380228.13688212924
362976.40653357515
347222.2222222222
332778.7021630614
319488.81789137376
307219.6620583716
295857.98816568044
285306.7047075605
275482.09366391174
266311.584553928
257731.95876288658
249687.89013732824
242130.75060532687
235017.62632197415
228310.50228310504
221975.58268590464
215982.72138228946
210304.94216614094
204918.03278688533
199800.19980019992
194931.7738791424
190294.95718363475
185873.60594795554
181653.04268846515
177619.89342806404
173761.9461337968
170068.02721088447
166527.89342214837
163132.13703099525
159872.10231814563
156739.81191222585
153727.9016141431
150829.56259426862
148038.49000740208
145348.8372093025
142755.17487508937
140252.45441795245
137835.97518952462
135501.3550135503
133244.503664224
131061.59895150736
128949.06511927804
126903.55329949253
124921.92379762662
123001.23001230031
121138.7038158693
119331.74224343691
117577.89535567329
115874.85515643124
114220.44545973747
112612.61261261276
111049.41699056096
109529.02519167594
108049.7028633173
106609.80810234557
105207.785376118
103842.15991692641
102511.53254741176
101214.57489878558
99950.0249875064
98716.68311944732
97513.40809361302
96339.1136801543
95192.76534983357
94073.37723424287
92980.00929800108
91911.76470588251
90867.78736937772
89847.25965858054
88849.40026654836
87873.46221441138
86918.73098652773
85984.52278589869
85070.1829008934
84175.08417508434
83298.62557267821
82440.23083264647
81599.34720522251
80775.44426494361
79968.01279488218
79176.56373713394
78400.62720501776
77639.75155279518
76893.50249903898
76161.4623000763
75443.22897020007
74738.41554559057
74046.64938911528
73367.57153338239
72700.83605961483
72046.1095100866
71403.0703320244
70771.40835102633
70150.82427218533
69541.0292072324
68941.74422612904
68352.69993164744
67773.63605557452
67204.30107526894
66644.45184938368
66093.85327164587
65552.2779416586
65019.505851755646
64495.32408900367
63979.52655150364
63471.9136781975
62972.29219143589
62480.47485160899
61996.28022318672
61519.532451553474
61050.061050061166
60587.700696758664
60132.291040288765
59683.67651447341
59241.70616113757
789.3407426117706
397.3173134992529
265.47169009896777
199.3270718055843
159.56903594771236
133.03391832781682
114.06566532221268
99.83148445424123
88.75571586810187
79.89211368967345
72.63809955487369
66.59172877455234
61.47460361175587
57.0877918898799
53.285362297835306
49.957835586764745
47.0214718849215
44.41112623063229
42.07535865035711
39.97301022349708
38.07075678573167
36.3413293949023
34.7621987507856
33.31458832496913
31.98272421168979
30.753258000152517
29.614817833332527
28.55765562208853
27.57336721548695
26.6546685118805
25.795214884458062
24.98945445022199
24.23250800642063
23.520070146257186
22.848327319653567
22.213889545432725
21.613733193161053
21.04515279622735
20.505720275728105
19.993250278705894
19.505770587170495
19.041496753043962
18.598810271304554
18.17623972860692
17.772444464665526
17.38620036413657
17.01638746178118
16.66197909654749
16.32203239335836
15.99567988677617
15.682122129858001
15.380621155613733
15.090494678487946
14.811110939960486
14.541884116307143
14.28227021826736
14.031763422223612
13.789892780825644
13.55621926805091
13.330333119692519
13.111851435380592
12.900416012615565
12.69569138703982
12.497363056395095
12.305135868388197
12.11873255508448
11.93789239852313
11.762370014048967
11.591934239420729
11.426367119120325
11.265462974478764
11.109027551277043
10.956877237394325
10.80883834387843
10.664746443520347
10.524445761637294
10.387788614318852
10.25463488987752
10.12485156967598
9.998312284886303
9.874896906076293
9.754491162821179
9.636986290808776
9.522278704147364
9.410269690801115
9.300865129270857
9.193975224811075
9.089514263629356
8.98740038365414
8.887555360582335
8.789904408031575
8.694375990724138
8.600901649721738
8.50941583881396
8.419855771238575
8.332161275980505
8.246274662958255
8.162140596463109
8.079705976267634
7.99891982586671
7.919733187356808
7.842099022498037
7.76597211953881
7.691309005415292
7.6180678629674095
7.546208452840117
7.4756920397635005
7.406481322927912
7.338540370191196
7.271834555874156
7.206330501918031
7.141996022193889
7.078800069768647
7.0167126869462715
6.955704957915198
6.895748963844756
6.836817740284055
6.778885236726804
6.7219262782146085
6.665916528859948
6.610832457177668
6.55665130312133
6.503351046727353
6.450910378276218
6.399308669885771
6.348525948457076
6.298542869898303
6.249340694556719
6.2009012637932805
6.153206977638258
6.106240773470186
6.059986105663854
6.014426926156305
5.969547665882979
5.925333217038789
5.881768916121736
5.838840527719074
5.7965342289983415
5.754836594867787
5.713734583772714
5.673215524096186
5.633267101134265
5.593877344617746
5.555034616753715
5.516727600761922
5.478945289882225
5.441676976830642
5.404912243682843
5.368640952164975
5.332853234332821
5.297539483621276
5.26269034624713
5.228296712948938
5.194349711048711
5.160840696820835
5.127761248154514
5.095103157496564
5.062858425062198
5.031019252301989
4.99957803561379
4.968527360288982
4.937859994682908
4.907568884599888
4.877647147883624
4.84808806920432
